-6.400000e+00 0.000000e+00
-6.350000e+00 8.393098e-10
-6.300000e+00 3.530229e-09
-6.250000e+00 8.607764e-09
-6.200000e+00 1.704142e-08
-6.150000e+00 3.037904e-08
-6.100000e+00 5.097419e-08
-6.050000e+00 8.232064e-08
-6.000000e+00 1.295304e-07
-5.950000e+00 2.000071e-07
-5.900000e+00 3.043868e-07
-5.850000e+00 4.578414e-07
-5.800000e+00 6.818690e-07
-5.750000e+00 1.006733e-06
-5.700000e+00 1.474751e-06
-5.650000e+00 2.144695e-06
-5.600000e+00 3.097604e-06
-5.550000e+00 4.444427e-06
-5.500000e+00 6.335944e-06
-5.450000e+00 8.975561e-06
-5.400000e+00 1.263563e-05
-5.350000e+00 1.767809e-05
-5.300000e+00 2.458025e-05
-5.250000e+00 3.396662e-05
-5.200000e+00 4.664781e-05
-5.150000e+00 6.366722e-05
-5.100000e+00 8.635640e-05
-5.050000e+00 1.163996e-04
-5.000000e+00 1.559075e-04
-4.950000e+00 2.075002e-04
-4.900000e+00 2.743981e-04
-4.850000e+00 3.605188e-04
-4.800000e+00 4.705774e-04
-4.750000e+00 6.101862e-04
-4.700000e+00 7.859477e-04
-4.650000e+00 1.005535e-03
-4.600000e+00 1.277752e-03
-4.550000e+00 1.612561e-03
-4.500000e+00 2.021080e-03
-4.450000e+00 2.515519e-03
-4.400000e+00 3.109077e-03
-4.350000e+00 3.815766e-03
-4.300000e+00 4.650179e-03
-4.250000e+00 5.627192e-03
-4.200000e+00 6.761606e-03
-4.150000e+00 8.067746e-03
-4.100000e+00 9.559017e-03
-4.050000e+00 1.124745e-02
-4.000000e+00 1.314324e-02
-3.950000e+00 1.525433e-02
-3.900000e+00 1.758600e-02
-3.850000e+00 2.014055e-02
-3.800000e+00 2.291704e-02
-3.750000e+00 2.591117e-02
-3.700000e+00 2.911515e-02
-3.650000e+00 3.251774e-02
-3.600000e+00 3.610436e-02
-3.550000e+00 3.985723e-02
-3.500000e+00 4.375561e-02
-3.450000e+00 4.777607e-02
-3.400000e+00 5.189277e-02
-3.350000e+00 5.607779e-02
-3.300000e+00 6.030147e-02
-3.250000e+00 6.453277e-02
-3.200000e+00 6.873963e-02
-3.150000e+00 7.288942e-02
-3.100000e+00 7.694935e-02
-3.050000e+00 8.088709e-02
-3.000000e+00 8.467138e-02
-2.950000e+00 8.827287e-02
-2.900000e+00 9.166514e-02
-2.850000e+00 9.482588e-02
-2.800000e+00 9.773838e-02
-2.750000e+00 1.003931e-01
-2.700000e+00 1.027896e-01
-2.650000e+00 1.049380e-01
-2.600000e+00 1.068605e-01
-2.550000e+00 1.085923e-01
-2.500000e+00 1.101814e-01
-2.450000e+00 1.116869e-01
-2.400000e+00 1.131759e-01
-2.350000e+00 1.147185e-01
-2.300000e+00 1.163814e-01
-2.250000e+00 1.182209e-01
-2.200000e+00 1.202757e-01
-2.150000e+00 1.225622e-01
-2.100000e+00 1.250711e-01
-2.050000e+00 1.277693e-01
-2.000000e+00 1.306031e-01
-1.950000e+00 1.335066e-01
-1.900000e+00 1.364097e-01
-1.850000e+00 1.392479e-01
-1.800000e+00 1.419702e-01
-1.750000e+00 1.445449e-01
-1.700000e+00 1.469620e-01
-1.650000e+00 1.492328e-01
-1.600000e+00 1.513857e-01
-1.550000e+00 1.534599e-01
-1.500000e+00 1.554974e-01
-1.450000e+00 1.575353e-01
-1.400000e+00 1.595988e-01
-1.350000e+00 1.616976e-01
-1.300000e+00 1.638249e-01
-1.250000e+00 1.659599e-01
-1.200000e+00 1.680736e-01
-1.150000e+00 1.701349e-01
-1.100000e+00 1.721177e-01
-1.050000e+00 1.740060e-01
-1.000000e+00 1.757963e-01
-9.500000e-01 1.774972e-01
-9.000000e-01 1.791257e-01
-8.500000e-01 1.807014e-01
-8.000000e-01 1.822398e-01
-7.500000e-01 1.837451e-01
-7.000000e-01 1.852066e-01
-6.500000e-01 1.865967e-01
-6.000000e-01 1.878731e-01
-5.500000e-01 1.889843e-01
-5.000000e-01 1.898782e-01
-4.500000e-01 1.905109e-01
-4.000000e-01 1.908563e-01
-3.500000e-01 1.909133e-01
-3.000000e-01 1.907102e-01
-2.500000e-01 1.903044e-01
-2.000000e-01 1.897778e-01
-1.500000e-01 1.892269e-01
-1.000000e-01 1.887493e-01
-5.000000e-02 1.884291e-01
0.000000e+00 1.883230e-01
5.000000e-02 1.884501e-01
1.000000e-01 1.887891e-01
1.500000e-01 1.892816e-01
2.000000e-01 1.898425e-01
2.500000e-01 1.903735e-01
3.000000e-01 1.907786e-01
3.500000e-01 1.909769e-01
4.000000e-01 1.909121e-01
4.500000e-01 1.905575e-01
5.000000e-01 1.899154e-01
5.500000e-01 1.890132e-01
6.000000e-01 1.878954e-01
6.500000e-01 1.866145e-01
7.000000e-01 1.852219e-01
7.500000e-01 1.837594e-01
8.000000e-01 1.822542e-01
8.500000e-01 1.807162e-01
9.000000e-01 1.791406e-01
9.500000e-01 1.775116e-01
1.000000e+00 1.758095e-01
1.050000e+00 1.740174e-01
1.100000e+00 1.721272e-01
1.150000e+00 1.701426e-01
1.200000e+00 1.680803e-01
1.250000e+00 1.659667e-01
1.300000e+00 1.638329e-01
1.350000e+00 1.617079e-01
1.400000e+00 1.596118e-01
1.450000e+00 1.575510e-01
1.500000e+00 1.555153e-01
1.550000e+00 1.534787e-01
1.600000e+00 1.514039e-01
1.650000e+00 1.492488e-01
1.700000e+00 1.469747e-01
1.750000e+00 1.445537e-01
1.800000e+00 1.419754e-01
1.850000e+00 1.392509e-01
1.900000e+00 1.364127e-01
1.950000e+00 1.335127e-01
2.000000e+00 1.306159e-01
2.050000e+00 1.277923e-01
2.100000e+00 1.251077e-01
2.150000e+00 1.226146e-01
2.200000e+00 1.203453e-01
2.250000e+00 1.183077e-01
2.300000e+00 1.164841e-01
2.350000e+00 1.148347e-01
2.400000e+00 1.133025e-01
2.450000e+00 1.118202e-01
2.500000e+00 1.103176e-01
2.550000e+00 1.087278e-01
2.600000e+00 1.069920e-01
2.650000e+00 1.050629e-01
2.700000e+00 1.029058e-01
2.750000e+00 1.004990e-01
2.800000e+00 9.783306e-02
2.850000e+00 9.490886e-02
2.900000e+00 9.173633e-02
2.950000e+00 8.833250e-02
3.000000e+00 8.471992e-02
3.050000e+00 8.092519e-02
3.100000e+00 7.697778e-02
3.150000e+00 7.290902e-02
3.200000e+00 6.875130e-02
3.250000e+00 6.453739e-02
3.300000e+00 6.029995e-02
3.350000e+00 5.607099e-02
3.400000e+00 5.188154e-02
3.450000e+00 4.776121e-02
3.500000e+00 4.373788e-02
3.550000e+00 3.983733e-02
3.600000e+00 3.608295e-02
3.650000e+00 3.249541e-02
3.700000e+00 2.909242e-02
3.750000e+00 2.588851e-02
3.800000e+00 2.289485e-02
3.850000e+00 2.011914e-02
3.900000e+00 1.756566e-02
3.950000e+00 1.523526e-02
4.000000e+00 1.312558e-02
4.050000e+00 1.123129e-02
4.100000e+00 9.544403e-03
4.150000e+00 8.054675e-03
4.200000e+00 6.750042e-03
4.250000e+00 5.617067e-03
4.300000e+00 4.641405e-03
4.350000e+00 3.808237e-03
4.400000e+00 3.102680e-03
4.450000e+00 2.510135e-03
4.500000e+00 2.016591e-03
4.550000e+00 1.608852e-03
4.600000e+00 1.274714e-03
4.650000e+00 1.003069e-03
4.700000e+00 7.839623e-04
4.750000e+00 6.086016e-04
4.800000e+00 4.693231e-04
4.850000e+00 3.595340e-04
4.900000e+00 2.736312e-04
4.950000e+00 2.069077e-04
5.000000e+00 1.554534e-04
5.050000e+00 1.160542e-04
5.100000e+00 8.609578e-05
5.150000e+00 6.347202e-05
5.200000e+00 4.650270e-05
5.250000e+00 3.385953e-05
5.300000e+00 2.450179e-05
5.350000e+00 1.762102e-05
5.400000e+00 1.259441e-05
5.450000e+00 8.945999e-06
5.500000e+00 6.314897e-06
5.550000e+00 4.429552e-06
5.600000e+00 3.087172e-06
5.650000e+00 2.137437e-06
5.700000e+00 1.469744e-06
5.750000e+00 1.003310e-06
5.800000e+00 6.795526e-07
5.850000e+00 4.562916e-07
5.900000e+00 3.033636e-07
5.950000e+00 1.993421e-07
6.000000e+00 1.291065e-07
6.050000e+00 8.205693e-08
6.100000e+00 5.081522e-08
6.150000e+00 3.028726e-08
6.200000e+00 1.699169e-08
6.250000e+00 8.583498e-09
6.300000e+00 3.520570e-09
6.350000e+00 8.370603e-10
6.400000e+00 0.000000e+00
