-6.400000e+00 0.000000e+00
-6.350000e+00 4.129399e-10
-6.300000e+00 1.734772e-09
-6.250000e+00 4.223583e-09
-6.200000e+00 8.352102e-09
-6.150000e+00 1.488673e-08
-6.100000e+00 2.501495e-08
-6.050000e+00 4.053705e-08
-6.000000e+00 6.414699e-08
-5.950000e+00 9.983708e-08
-5.900000e+00 1.534755e-07
-5.850000e+00 2.336234e-07
-5.800000e+00 3.526832e-07
-5.750000e+00 5.285010e-07
-5.700000e+00 7.865904e-07
-5.650000e+00 1.163196e-06
-5.600000e+00 1.709485e-06
-5.550000e+00 2.497237e-06
-5.500000e+00 3.626502e-06
-5.450000e+00 5.235793e-06
-5.400000e+00 7.515540e-06
-5.350000e+00 1.072560e-05
-5.300000e+00 1.521784e-05
-5.250000e+00 2.146479e-05
-5.200000e+00 3.009568e-05
-5.150000e+00 4.194104e-05
-5.100000e+00 5.808724e-05
-5.050000e+00 7.994211e-05
-5.000000e+00 1.093128e-04
-4.950000e+00 1.484965e-04
-4.900000e+00 2.003835e-04
-4.850000e+00 2.685728e-04
-4.800000e+00 3.574967e-04
-4.750000e+00 4.725511e-04
-4.700000e+00 6.202263e-04
-4.650000e+00 8.082298e-04
-4.600000e+00 1.045593e-03
-4.550000e+00 1.342749e-03
-4.500000e+00 1.711571e-03
-4.450000e+00 2.165357e-03
-4.400000e+00 2.718747e-03
-4.350000e+00 3.387567e-03
-4.300000e+00 4.188584e-03
-4.250000e+00 5.139174e-03
-4.200000e+00 6.256898e-03
-4.150000e+00 7.559010e-03
-4.100000e+00 9.061886e-03
-4.050000e+00 1.078043e-02
-4.000000e+00 1.272744e-02
-3.950000e+00 1.491305e-02
-3.900000e+00 1.734412e-02
-3.850000e+00 2.002385e-02
-3.800000e+00 2.295135e-02
-3.750000e+00 2.612147e-02
-3.700000e+00 2.952468e-02
-3.650000e+00 3.314711e-02
-3.600000e+00 3.697077e-02
-3.550000e+00 4.097380e-02
-3.500000e+00 4.513090e-02
-3.450000e+00 4.941374e-02
-3.400000e+00 5.379147e-02
-3.350000e+00 5.823124e-02
-3.300000e+00 6.269859e-02
-3.250000e+00 6.715799e-02
-3.200000e+00 7.157320e-02
-3.150000e+00 7.590762e-02
-3.100000e+00 8.012468e-02
-3.050000e+00 8.418813e-02
-3.000000e+00 8.806240e-02
-2.950000e+00 9.171306e-02
-2.900000e+00 9.510728e-02
-2.850000e+00 9.821458e-02
-2.800000e+00 1.010077e-01
-2.750000e+00 1.034639e-01
-2.700000e+00 1.055661e-01
-2.650000e+00 1.073049e-01
-2.600000e+00 1.086806e-01
-2.550000e+00 1.097050e-01
-2.500000e+00 1.104036e-01
-2.450000e+00 1.108169e-01
-2.400000e+00 1.110016e-01
-2.350000e+00 1.110298e-01
-2.300000e+00 1.109874e-01
-2.250000e+00 1.109707e-01
-2.200000e+00 1.110815e-01
-2.150000e+00 1.114212e-01
-2.100000e+00 1.120849e-01
-2.050000e+00 1.131561e-01
-2.000000e+00 1.147024e-01
-1.950000e+00 1.167733e-01
-1.900000e+00 1.193995e-01
-1.850000e+00 1.225923e-01
-1.800000e+00 1.263446e-01
-1.750000e+00 1.306306e-01
-1.700000e+00 1.354059e-01
-1.650000e+00 1.406070e-01
-1.600000e+00 1.461527e-01
-1.550000e+00 1.519454e-01
-1.500000e+00 1.578750e-01
-1.450000e+00 1.638239e-01
-1.400000e+00 1.696721e-01
-1.350000e+00 1.753031e-01
-1.300000e+00 1.806086e-01
-1.250000e+00 1.854919e-01
-1.200000e+00 1.898706e-01
-1.150000e+00 1.936772e-01
-1.100000e+00 1.968592e-01
-1.050000e+00 1.993792e-01
-1.000000e+00 2.012141e-01
-9.500000e-01 2.023543e-01
-9.000000e-01 2.028041e-01
-8.500000e-01 2.025813e-01
-8.000000e-01 2.017177e-01
-7.500000e-01 2.002587e-01
-7.000000e-01 1.982638e-01
-6.500000e-01 1.958045e-01
-6.000000e-01 1.929635e-01
-5.500000e-01 1.898315e-01
-5.000000e-01 1.865044e-01
-4.500000e-01 1.830801e-01
-4.000000e-01 1.796560e-01
-3.500000e-01 1.763278e-01
-3.000000e-01 1.731885e-01
-2.500000e-01 1.703287e-01
-2.000000e-01 1.678358e-01
-1.500000e-01 1.657924e-01
-1.000000e-01 1.642722e-01
-5.000000e-02 1.633342e-01
0.000000e+00 1.630170e-01
5.000000e-02 1.633341e-01
1.000000e-01 1.642721e-01
1.500000e-01 1.657924e-01
2.000000e-01 1.678360e-01
2.500000e-01 1.703291e-01
3.000000e-01 1.731892e-01
3.500000e-01 1.763286e-01
4.000000e-01 1.796566e-01
4.500000e-01 1.830801e-01
5.000000e-01 1.865036e-01
5.500000e-01 1.898296e-01
6.000000e-01 1.929603e-01
6.500000e-01 1.957998e-01
7.000000e-01 1.982576e-01
7.500000e-01 2.002511e-01
8.000000e-01 2.017086e-01
8.500000e-01 2.025711e-01
9.000000e-01 2.027929e-01
9.500000e-01 2.023423e-01
1.000000e+00 2.012015e-01
1.050000e+00 1.993663e-01
1.100000e+00 1.968460e-01
1.150000e+00 1.936640e-01
1.200000e+00 1.898578e-01
1.250000e+00 1.854796e-01
1.300000e+00 1.805970e-01
1.350000e+00 1.752926e-01
1.400000e+00 1.696630e-01
1.450000e+00 1.638167e-01
1.500000e+00 1.578701e-01
1.550000e+00 1.519431e-01
1.600000e+00 1.461534e-01
1.650000e+00 1.406110e-01
1.700000e+00 1.354130e-01
1.750000e+00 1.306408e-01
1.800000e+00 1.263574e-01
1.850000e+00 1.226070e-01
1.900000e+00 1.194153e-01
1.950000e+00 1.167894e-01
2.000000e+00 1.147177e-01
2.050000e+00 1.131698e-01
2.100000e+00 1.120963e-01
2.150000e+00 1.114299e-01
2.200000e+00 1.110872e-01
2.250000e+00 1.109735e-01
2.300000e+00 1.109875e-01
2.350000e+00 1.110276e-01
2.400000e+00 1.109976e-01
2.450000e+00 1.108116e-01
2.500000e+00 1.103975e-01
2.550000e+00 1.096987e-01
2.600000e+00 1.086743e-01
2.650000e+00 1.072990e-01
2.700000e+00 1.055607e-01
2.750000e+00 1.034592e-01
2.800000e+00 1.010038e-01
2.850000e+00 9.821145e-02
2.900000e+00 9.510493e-02
2.950000e+00 9.171145e-02
3.000000e+00 8.806147e-02
3.050000e+00 8.418777e-02
3.100000e+00 8.012481e-02
3.150000e+00 7.590813e-02
3.200000e+00 7.157398e-02
3.250000e+00 6.715896e-02
3.300000e+00 6.269966e-02
3.350000e+00 5.823232e-02
3.400000e+00 5.379251e-02
3.450000e+00 4.941466e-02
3.500000e+00 4.513167e-02
3.550000e+00 4.097439e-02
3.600000e+00 3.697116e-02
3.650000e+00 3.314729e-02
3.700000e+00 2.952465e-02
3.750000e+00 2.612125e-02
3.800000e+00 2.295095e-02
3.850000e+00 2.002330e-02
3.900000e+00 1.734344e-02
3.950000e+00 1.491227e-02
4.000000e+00 1.272660e-02
4.050000e+00 1.077955e-02
4.100000e+00 9.060994e-03
4.150000e+00 7.558129e-03
4.200000e+00 6.256049e-03
4.250000e+00 5.138371e-03
4.300000e+00 4.187839e-03
4.350000e+00 3.386888e-03
4.400000e+00 2.718138e-03
4.450000e+00 2.164820e-03
4.500000e+00 1.711105e-03
4.550000e+00 1.342350e-03
4.600000e+00 1.045256e-03
4.650000e+00 8.079489e-04
4.700000e+00 6.199953e-04
4.750000e+00 4.723636e-04
4.800000e+00 3.573464e-04
4.850000e+00 2.684537e-04
4.900000e+00 2.002902e-04
4.950000e+00 1.484243e-04
5.000000e+00 1.092576e-04
5.050000e+00 7.990021e-05
5.100000e+00 5.805575e-05
5.150000e+00 4.191753e-05
5.200000e+00 3.007820e-05
5.250000e+00 2.145181e-05
5.300000e+00 1.520819e-05
5.350000e+00 1.071839e-05
5.400000e+00 7.510110e-06
5.450000e+00 5.231676e-06
5.500000e+00 3.623360e-06
5.550000e+00 2.494830e-06
5.600000e+00 1.707641e-06
5.650000e+00 1.161789e-06
5.700000e+00 7.855250e-07
5.750000e+00 5.277037e-07
5.800000e+00 3.520952e-07
5.850000e+00 2.331972e-07
5.900000e+00 1.531725e-07
5.950000e+00 9.962627e-08
6.000000e+00 6.400385e-08
6.050000e+00 4.044257e-08
6.100000e+00 2.495473e-08
6.150000e+00 1.485010e-08
6.200000e+00 8.331274e-09
6.250000e+00 4.212983e-09
6.300000e+00 1.730410e-09
6.350000e+00 4.119014e-10
6.400000e+00 0.000000e+00
