-6.400000e+00 0.000000e+00
-6.350000e+00 7.250012e-10
-6.300000e+00 3.017041e-09
-6.250000e+00 7.236560e-09
-6.200000e+00 1.403716e-08
-6.150000e+00 2.447034e-08
-6.100000e+00 4.015525e-08
-6.050000e+00 6.353104e-08
-6.000000e+00 9.821929e-08
-5.950000e+00 1.495394e-07
-5.900000e+00 2.252385e-07
-5.850000e+00 3.365198e-07
-5.800000e+00 4.994780e-07
-5.750000e+00 7.370857e-07
-5.700000e+00 1.081917e-06
-5.650000e+00 1.579851e-06
-5.600000e+00 2.295068e-06
-5.550000e+00 3.316720e-06
-5.500000e+00 4.767739e-06
-5.450000e+00 6.816346e-06
-5.400000e+00 9.690940e-06
-5.350000e+00 1.369918e-05
-5.300000e+00 1.925216e-05
-5.250000e+00 2.689475e-05
-5.200000e+00 3.734306e-05
-5.150000e+00 5.153009e-05
-5.100000e+00 7.066059e-05
-5.050000e+00 9.627599e-05
-5.000000e+00 1.303299e-04
-4.950000e+00 1.752742e-04
-4.900000e+00 2.341555e-04
-4.850000e+00 3.107196e-04
-4.800000e+00 4.095223e-04
-4.750000e+00 5.360421e-04
-4.700000e+00 6.967910e-04
-4.650000e+00 8.994145e-04
-4.600000e+00 1.152775e-03
-4.550000e+00 1.467006e-03
-4.500000e+00 1.853529e-03
-4.450000e+00 2.325025e-03
-4.400000e+00 2.895340e-03
-4.350000e+00 3.579332e-03
-4.300000e+00 4.392637e-03
-4.250000e+00 5.351362e-03
-4.200000e+00 6.471700e-03
-4.150000e+00 7.769484e-03
-4.100000e+00 9.259683e-03
-4.050000e+00 1.095587e-02
-4.000000e+00 1.286969e-02
-3.950000e+00 1.501032e-02
-3.900000e+00 1.738400e-02
-3.850000e+00 1.999362e-02
-3.800000e+00 2.283844e-02
-3.750000e+00 2.591382e-02
-3.700000e+00 2.921119e-02
-3.650000e+00 3.271804e-02
-3.600000e+00 3.641805e-02
-3.550000e+00 4.029129e-02
-3.500000e+00 4.431456e-02
-3.450000e+00 4.846174e-02
-3.400000e+00 5.270415e-02
-3.350000e+00 5.701101e-02
-3.300000e+00 6.134984e-02
-3.250000e+00 6.568690e-02
-3.200000e+00 6.998759e-02
-3.150000e+00 7.421689e-02
-3.100000e+00 7.833979e-02
-3.050000e+00 8.232177e-02
-3.000000e+00 8.612933e-02
-2.950000e+00 8.973060e-02
-2.900000e+00 9.309619e-02
-2.850000e+00 9.620012e-02
-2.800000e+00 9.902102e-02
-2.750000e+00 1.015436e-01
-2.700000e+00 1.037601e-01
-2.650000e+00 1.056723e-01
-2.600000e+00 1.072930e-01
-2.550000e+00 1.086476e-01
-2.500000e+00 1.097747e-01
-2.450000e+00 1.107263e-01
-2.400000e+00 1.115659e-01
-2.350000e+00 1.123657e-01
-2.300000e+00 1.132021e-01
-2.250000e+00 1.141495e-01
-2.200000e+00 1.152748e-01
-2.150000e+00 1.166312e-01
-2.100000e+00 1.182546e-01
-2.050000e+00 1.201624e-01
-2.000000e+00 1.223549e-01
-1.950000e+00 1.248200e-01
-1.900000e+00 1.275388e-01
-1.850000e+00 1.304915e-01
-1.800000e+00 1.336617e-01
-1.750000e+00 1.370391e-01
-1.700000e+00 1.406172e-01
-1.650000e+00 1.443907e-01
-1.600000e+00 1.483491e-01
-1.550000e+00 1.524714e-01
-1.500000e+00 1.567215e-01
-1.450000e+00 1.610460e-01
-1.400000e+00 1.653751e-01
-1.350000e+00 1.696262e-01
-1.300000e+00 1.737093e-01
-1.250000e+00 1.775342e-01
-1.200000e+00 1.810169e-01
-1.150000e+00 1.840857e-01
-1.100000e+00 1.866858e-01
-1.050000e+00 1.887825e-01
-1.000000e+00 1.903628e-01
-9.500000e-01 1.914355e-01
-9.000000e-01 1.920299e-01
-8.500000e-01 1.921926e-01
-8.000000e-01 1.919838e-01
-7.500000e-01 1.914714e-01
-7.000000e-01 1.907250e-01
-6.500000e-01 1.898094e-01
-6.000000e-01 1.887795e-01
-5.500000e-01 1.876768e-01
-5.000000e-01 1.865285e-01
-4.500000e-01 1.853511e-01
-4.000000e-01 1.841546e-01
-3.500000e-01 1.829509e-01
-3.000000e-01 1.817599e-01
-2.500000e-01 1.806148e-01
-2.000000e-01 1.795633e-01
-1.500000e-01 1.786640e-01
-1.000000e-01 1.779784e-01
-5.000000e-02 1.775607e-01
0.000000e+00 1.774471e-01
5.000000e-02 1.776485e-01
1.000000e-01 1.781480e-01
1.500000e-01 1.789041e-01
2.000000e-01 1.798595e-01
2.500000e-01 1.809517e-01
3.000000e-01 1.821231e-01
3.500000e-01 1.833284e-01
4.000000e-01 1.845373e-01
4.500000e-01 1.857325e-01
5.000000e-01 1.869043e-01
5.500000e-01 1.880432e-01
6.000000e-01 1.891329e-01
6.500000e-01 1.901451e-01
7.000000e-01 1.910371e-01
7.500000e-01 1.917528e-01
8.000000e-01 1.922267e-01
8.500000e-01 1.923890e-01
9.000000e-01 1.921722e-01
9.500000e-01 1.915177e-01
1.000000e+00 1.903804e-01
1.050000e+00 1.887337e-01
1.100000e+00 1.865713e-01
1.150000e+00 1.839091e-01
1.200000e+00 1.807845e-01
1.250000e+00 1.772549e-01
1.300000e+00 1.733940e-01
1.350000e+00 1.692873e-01
1.400000e+00 1.650254e-01
1.450000e+00 1.606977e-01
1.500000e+00 1.563855e-01
1.550000e+00 1.521568e-01
1.600000e+00 1.480625e-01
1.650000e+00 1.441367e-01
1.700000e+00 1.403987e-01
1.750000e+00 1.368580e-01
1.800000e+00 1.335202e-01
1.850000e+00 1.303921e-01
1.900000e+00 1.274853e-01
1.950000e+00 1.248171e-01
2.000000e+00 1.224074e-01
2.050000e+00 1.202745e-01
2.100000e+00 1.184289e-01
2.150000e+00 1.168675e-01
2.200000e+00 1.155696e-01
2.250000e+00 1.144959e-01
2.300000e+00 1.135904e-01
2.350000e+00 1.127839e-01
2.400000e+00 1.120009e-01
2.450000e+00 1.111647e-01
2.500000e+00 1.102041e-01
2.550000e+00 1.090570e-01
2.600000e+00 1.076732e-01
2.650000e+00 1.060164e-01
2.700000e+00 1.040631e-01
2.750000e+00 1.018025e-01
2.800000e+00 9.923452e-02
2.850000e+00 9.636830e-02
2.900000e+00 9.322027e-02
2.950000e+00 8.981263e-02
3.000000e+00 8.617198e-02
3.050000e+00 8.232817e-02
3.100000e+00 7.831333e-02
3.150000e+00 7.416111e-02
3.200000e+00 6.990611e-02
3.250000e+00 6.558334e-02
3.300000e+00 6.122776e-02
3.350000e+00 5.687387e-02
3.400000e+00 5.255530e-02
3.450000e+00 4.830438e-02
3.500000e+00 4.415170e-02
3.550000e+00 4.012574e-02
3.600000e+00 3.625239e-02
3.650000e+00 3.255462e-02
3.700000e+00 2.905207e-02
3.750000e+00 2.576078e-02
3.800000e+00 2.269297e-02
3.850000e+00 1.985690e-02
3.900000e+00 1.725689e-02
3.950000e+00 1.489341e-02
4.000000e+00 1.276328e-02
4.050000e+00 1.086001e-02
4.100000e+00 9.174199e-03
4.150000e+00 7.694009e-03
4.200000e+00 6.405717e-03
4.250000e+00 5.294235e-03
4.300000e+00 4.343651e-03
4.350000e+00 3.537723e-03
4.400000e+00 2.860327e-03
4.450000e+00 2.295833e-03
4.500000e+00 1.829411e-03
4.550000e+00 1.447257e-03
4.600000e+00 1.136745e-03
4.650000e+00 8.865157e-04
4.700000e+00 6.864988e-04
4.750000e+00 5.278974e-04
4.800000e+00 4.031287e-04
4.850000e+00 3.057402e-04
4.900000e+00 2.303072e-04
4.950000e+00 1.723225e-04
5.000000e+00 1.280828e-04
5.050000e+00 9.457812e-05
5.100000e+00 6.938731e-05
5.150000e+00 5.058255e-05
5.200000e+00 3.664352e-05
5.250000e+00 2.638258e-05
5.300000e+00 1.888046e-05
5.350000e+00 1.343193e-05
5.400000e+00 9.500719e-06
5.450000e+00 6.682402e-06
5.500000e+00 4.674509e-06
5.550000e+00 3.252629e-06
5.600000e+00 2.251587e-06
5.650000e+00 1.550765e-06
5.700000e+00 1.062748e-06
5.750000e+00 7.246486e-07
5.800000e+00 4.915366e-07
5.850000e+00 3.315292e-07
5.900000e+00 2.221501e-07
5.950000e+00 1.476559e-07
6.000000e+00 9.708682e-08
6.050000e+00 6.286015e-08
6.100000e+00 3.976471e-08
6.150000e+00 2.424864e-08
6.200000e+00 1.391676e-08
6.250000e+00 7.176743e-09
6.300000e+00 2.992633e-09
6.350000e+00 7.191965e-10
6.400000e+00 0.000000e+00
