-6.400000e+00 0.000000e+00
-6.350000e+00 5.571646e-10
-6.300000e+00 2.337803e-09
-6.250000e+00 5.683706e-09
-6.200000e+00 1.122732e-08
-6.150000e+00 2.000286e-08
-6.100000e+00 3.362035e-08
-6.050000e+00 5.452220e-08
-6.000000e+00 8.635203e-08
-5.950000e+00 1.344773e-07
-5.900000e+00 2.067228e-07
-5.850000e+00 3.143965e-07
-5.800000e+00 4.737178e-07
-5.750000e+00 7.077949e-07
-5.700000e+00 1.049338e-06
-5.650000e+00 1.544349e-06
-5.600000e+00 2.257088e-06
-5.550000e+00 3.276709e-06
-5.500000e+00 4.726037e-06
-5.450000e+00 6.773069e-06
-5.400000e+00 9.645845e-06
-5.350000e+00 1.365150e-05
-5.300000e+00 1.920033e-05
-5.250000e+00 2.683594e-05
-5.200000e+00 3.727248e-05
-5.150000e+00 5.144001e-05
-5.100000e+00 7.053897e-05
-5.050000e+00 9.610453e-05
-5.000000e+00 1.300812e-04
-4.950000e+00 1.749078e-04
-4.900000e+00 2.336131e-04
-4.850000e+00 3.099191e-04
-4.800000e+00 4.083513e-04
-4.750000e+00 5.343511e-04
-4.700000e+00 6.943858e-04
-4.650000e+00 8.960486e-04
-4.600000e+00 1.148143e-03
-4.550000e+00 1.460737e-03
-4.500000e+00 1.845188e-03
-4.450000e+00 2.314103e-03
-4.400000e+00 2.881261e-03
-4.350000e+00 3.561447e-03
-4.300000e+00 4.370222e-03
-4.250000e+00 5.323620e-03
-4.200000e+00 6.437763e-03
-4.150000e+00 7.728423e-03
-4.100000e+00 9.210516e-03
-4.050000e+00 1.089759e-02
-4.000000e+00 1.280127e-02
-3.950000e+00 1.493077e-02
-3.900000e+00 1.729241e-02
-3.850000e+00 1.988921e-02
-3.800000e+00 2.272059e-02
-3.750000e+00 2.578213e-02
-3.700000e+00 2.906549e-02
-3.650000e+00 3.255841e-02
-3.600000e+00 3.624485e-02
-3.550000e+00 4.010522e-02
-3.500000e+00 4.411664e-02
-3.450000e+00 4.825337e-02
-3.400000e+00 5.248715e-02
-3.350000e+00 5.678766e-02
-3.300000e+00 6.112291e-02
-3.250000e+00 6.545965e-02
-3.200000e+00 6.976377e-02
-3.150000e+00 7.400067e-02
-3.100000e+00 7.813565e-02
-3.050000e+00 8.213437e-02
-3.000000e+00 8.596335e-02
-2.950000e+00 8.959065e-02
-2.900000e+00 9.298660e-02
-2.850000e+00 9.612486e-02
-2.800000e+00 9.898361e-02
-2.750000e+00 1.015470e-01
-2.700000e+00 1.038069e-01
-2.650000e+00 1.057644e-01
-2.600000e+00 1.074320e-01
-2.550000e+00 1.088344e-01
-2.500000e+00 1.100100e-01
-2.450000e+00 1.110102e-01
-2.400000e+00 1.118980e-01
-2.350000e+00 1.127452e-01
-2.300000e+00 1.136275e-01
-2.250000e+00 1.146189e-01
-2.200000e+00 1.157851e-01
-2.150000e+00 1.171781e-01
-2.100000e+00 1.188321e-01
-2.050000e+00 1.207622e-01
-2.000000e+00 1.229661e-01
-1.950000e+00 1.254282e-01
-1.900000e+00 1.281262e-01
-1.850000e+00 1.310369e-01
-1.800000e+00 1.341416e-01
-1.750000e+00 1.374283e-01
-1.700000e+00 1.408916e-01
-1.650000e+00 1.445286e-01
-1.600000e+00 1.483336e-01
-1.550000e+00 1.522924e-01
-1.500000e+00 1.563762e-01
-1.450000e+00 1.605398e-01
-1.400000e+00 1.647203e-01
-1.350000e+00 1.688409e-01
-1.300000e+00 1.728161e-01
-1.250000e+00 1.765577e-01
-1.200000e+00 1.799827e-01
-1.150000e+00 1.830190e-01
-1.100000e+00 1.856109e-01
-1.050000e+00 1.877226e-01
-1.000000e+00 1.893405e-01
-9.500000e-01 1.904727e-01
-9.000000e-01 1.911484e-01
-8.500000e-01 1.914142e-01
-8.000000e-01 1.913297e-01
-7.500000e-01 1.909619e-01
-7.000000e-01 1.903780e-01
-6.500000e-01 1.896396e-01
-6.000000e-01 1.887966e-01
-5.500000e-01 1.878845e-01
-5.000000e-01 1.869241e-01
-4.500000e-01 1.859248e-01
-4.000000e-01 1.848903e-01
-3.500000e-01 1.838267e-01
-3.000000e-01 1.827497e-01
-2.500000e-01 1.816899e-01
-2.000000e-01 1.806940e-01
-1.500000e-01 1.798213e-01
-1.000000e-01 1.791361e-01
-5.000000e-02 1.786961e-01
0.000000e+00 1.785419e-01
5.000000e-02 1.786884e-01
1.000000e-01 1.791219e-01
1.500000e-01 1.798026e-01
2.000000e-01 1.806729e-01
2.500000e-01 1.816686e-01
3.000000e-01 1.827295e-01
3.500000e-01 1.838077e-01
4.000000e-01 1.848717e-01
4.500000e-01 1.859047e-01
5.000000e-01 1.869002e-01
5.500000e-01 1.878543e-01
6.000000e-01 1.887582e-01
6.500000e-01 1.895919e-01
7.000000e-01 1.903210e-01
7.500000e-01 1.908966e-01
8.000000e-01 1.912583e-01
8.500000e-01 1.913393e-01
9.000000e-01 1.910732e-01
9.500000e-01 1.904005e-01
1.000000e+00 1.892741e-01
1.050000e+00 1.876648e-01
1.100000e+00 1.855635e-01
1.150000e+00 1.829835e-01
1.200000e+00 1.799600e-01
1.250000e+00 1.765482e-01
1.300000e+00 1.728198e-01
1.350000e+00 1.688579e-01
1.400000e+00 1.647504e-01
1.450000e+00 1.605830e-01
1.500000e+00 1.564326e-01
1.550000e+00 1.523618e-01
1.600000e+00 1.484162e-01
1.650000e+00 1.446239e-01
1.700000e+00 1.409987e-01
1.750000e+00 1.375456e-01
1.800000e+00 1.342666e-01
1.850000e+00 1.311663e-01
1.900000e+00 1.282560e-01
1.950000e+00 1.255540e-01
2.000000e+00 1.230832e-01
2.050000e+00 1.208667e-01
2.100000e+00 1.189207e-01
2.150000e+00 1.172488e-01
2.200000e+00 1.158374e-01
2.250000e+00 1.146536e-01
2.300000e+00 1.136467e-01
2.350000e+00 1.127520e-01
2.400000e+00 1.118962e-01
2.450000e+00 1.110037e-01
2.500000e+00 1.100027e-01
2.550000e+00 1.088297e-01
2.600000e+00 1.074328e-01
2.650000e+00 1.057730e-01
2.700000e+00 1.038249e-01
2.750000e+00 1.015755e-01
2.800000e+00 9.902292e-02
2.850000e+00 9.617503e-02
2.900000e+00 9.304726e-02
2.950000e+00 8.966115e-02
3.000000e+00 8.604283e-02
3.050000e+00 8.222182e-02
3.100000e+00 7.822997e-02
3.150000e+00 7.410069e-02
3.200000e+00 6.986829e-02
3.250000e+00 6.556748e-02
3.300000e+00 6.123288e-02
3.350000e+00 5.689863e-02
3.400000e+00 5.259802e-02
3.450000e+00 4.836309e-02
3.500000e+00 4.422424e-02
3.550000e+00 4.020981e-02
3.600000e+00 3.634563e-02
3.650000e+00 3.265468e-02
3.700000e+00 2.915666e-02
3.750000e+00 2.586774e-02
3.800000e+00 2.280028e-02
3.850000e+00 1.996275e-02
3.900000e+00 1.735968e-02
3.950000e+00 1.499177e-02
4.000000e+00 1.285610e-02
4.050000e+00 1.094643e-02
4.100000e+00 9.253633e-03
4.150000e+00 7.766139e-03
4.200000e+00 6.470455e-03
4.250000e+00 5.351696e-03
4.300000e+00 4.394113e-03
4.350000e+00 3.581589e-03
4.400000e+00 2.898087e-03
4.450000e+00 2.328030e-03
4.500000e+00 1.856609e-03
4.550000e+00 1.470020e-03
4.600000e+00 1.155619e-03
4.650000e+00 9.020178e-04
4.700000e+00 6.991101e-04
4.750000e+00 5.380582e-04
4.800000e+00 4.112357e-04
4.850000e+00 3.121445e-04
4.900000e+00 2.353157e-04
4.950000e+00 1.761994e-04
5.000000e+00 1.310525e-04
5.050000e+00 9.682843e-05
5.100000e+00 7.107344e-05
5.150000e+00 5.183071e-05
5.200000e+00 3.755511e-05
5.250000e+00 2.703811e-05
5.300000e+00 1.934325e-05
5.350000e+00 1.375127e-05
5.400000e+00 9.714597e-06
5.450000e+00 6.819813e-06
5.500000e+00 4.757396e-06
5.550000e+00 3.297476e-06
5.600000e+00 2.270679e-06
5.650000e+00 1.553155e-06
5.700000e+00 1.055002e-06
5.750000e+00 7.114252e-07
5.800000e+00 4.760501e-07
5.850000e+00 3.159097e-07
5.900000e+00 2.077230e-07
5.950000e+00 1.351557e-07
6.000000e+00 8.682509e-08
6.050000e+00 5.485858e-08
6.100000e+00 3.385986e-08
6.150000e+00 2.016890e-08
6.200000e+00 1.133520e-08
6.250000e+00 5.745681e-09
6.300000e+00 2.365890e-09
6.350000e+00 5.642787e-10
6.400000e+00 0.000000e+00
