-4.000000e-01 0.000000e+00
-3.750000e-01 4.878091e-06
-3.500000e-01 3.732190e-05
-3.250000e-01 1.973353e-04
-3.000000e-01 8.936127e-04
-2.750000e-01 3.580126e-03
-2.500000e-01 1.274865e-02
-2.250000e-01 4.033862e-02
-2.000000e-01 1.132921e-01
-1.750000e-01 2.821920e-01
-1.500000e-01 6.228103e-01
-1.250000e-01 1.217037e+00
-1.000000e-01 2.104818e+00
-7.500000e-02 3.221489e+00
-5.000000e-02 4.364270e+00
-2.500000e-02 5.235166e+00
0.000000e+00 5.562252e+00
2.500000e-02 5.235166e+00
5.000000e-02 4.364270e+00
7.500000e-02 3.221489e+00
1.000000e-01 2.104818e+00
1.250000e-01 1.217037e+00
1.500000e-01 6.228103e-01
1.750000e-01 2.821920e-01
2.000000e-01 1.132921e-01
2.250000e-01 4.033862e-02
2.500000e-01 1.274865e-02
2.750000e-01 3.580126e-03
3.000000e-01 8.936127e-04
3.250000e-01 1.973353e-04
3.500000e-01 3.732190e-05
3.750000e-01 4.878091e-06
4.000000e-01 0.000000e+00
