-6.400000e+00 0.000000e+00
-6.350000e+00 9.248046e-10
-6.300000e+00 3.884009e-09
-6.250000e+00 9.447677e-09
-6.200000e+00 1.864384e-08
-6.150000e+00 3.310549e-08
-6.100000e+00 5.530596e-08
-6.050000e+00 8.890813e-08
-6.000000e+00 1.392661e-07
-5.950000e+00 2.141328e-07
-5.900000e+00 3.246474e-07
-5.850000e+00 4.866987e-07
-5.800000e+00 7.227919e-07
-5.750000e+00 1.064583e-06
-5.700000e+00 1.556291e-06
-5.650000e+00 2.259250e-06
-5.600000e+00 3.257934e-06
-5.550000e+00 4.667847e-06
-5.500000e+00 6.645772e-06
-5.450000e+00 9.402952e-06
-5.400000e+00 1.322185e-05
-5.350000e+00 1.847724e-05
-5.300000e+00 2.566251e-05
-5.250000e+00 3.542192e-05
-5.200000e+00 4.858982e-05
-5.150000e+00 6.623764e-05
-5.100000e+00 8.972918e-05
-5.050000e+00 1.207850e-04
-5.000000e+00 1.615554e-04
-4.950000e+00 2.147025e-04
-4.900000e+00 2.834892e-04
-4.850000e+00 3.718735e-04
-4.800000e+00 4.846058e-04
-4.750000e+00 6.273237e-04
-4.700000e+00 8.066404e-04
-4.650000e+00 1.030218e-03
-4.600000e+00 1.306823e-03
-4.550000e+00 1.646346e-03
-4.500000e+00 2.059792e-03
-4.450000e+00 2.559215e-03
-4.400000e+00 3.157609e-03
-4.350000e+00 3.868733e-03
-4.300000e+00 4.706879e-03
-4.250000e+00 5.686583e-03
-4.200000e+00 6.822277e-03
-4.150000e+00 8.127898e-03
-4.100000e+00 9.616470e-03
-4.050000e+00 1.129967e-02
-4.000000e+00 1.318737e-02
-3.950000e+00 1.528729e-02
-3.900000e+00 1.760455e-02
-3.850000e+00 2.014143e-02
-3.800000e+00 2.289708e-02
-3.750000e+00 2.586740e-02
-3.700000e+00 2.904496e-02
-3.650000e+00 3.241898e-02
-3.600000e+00 3.597542e-02
-3.550000e+00 3.969714e-02
-3.500000e+00 4.356411e-02
-3.450000e+00 4.755359e-02
-3.400000e+00 5.164048e-02
-3.350000e+00 5.579758e-02
-3.300000e+00 5.999590e-02
-3.250000e+00 6.420501e-02
-3.200000e+00 6.839343e-02
-3.150000e+00 7.252900e-02
-3.100000e+00 7.657939e-02
-3.050000e+00 8.051264e-02
-3.000000e+00 8.429788e-02
-2.950000e+00 8.790619e-02
-2.900000e+00 9.131164e-02
-2.850000e+00 9.449257e-02
-2.800000e+00 9.743312e-02
-2.750000e+00 1.001249e-01
-2.700000e+00 1.025687e-01
-2.650000e+00 1.047765e-01
-2.600000e+00 1.067722e-01
-2.550000e+00 1.085931e-01
-2.500000e+00 1.102889e-01
-2.450000e+00 1.119202e-01
-2.400000e+00 1.135547e-01
-2.350000e+00 1.152622e-01
-2.300000e+00 1.171077e-01
-2.250000e+00 1.191440e-01
-2.200000e+00 1.214048e-01
-2.150000e+00 1.238998e-01
-2.100000e+00 1.266119e-01
-2.050000e+00 1.294985e-01
-2.000000e+00 1.324962e-01
-1.950000e+00 1.355279e-01
-1.900000e+00 1.385124e-01
-1.850000e+00 1.413737e-01
-1.800000e+00 1.440494e-01
-1.750000e+00 1.464974e-01
-1.700000e+00 1.486995e-01
-1.650000e+00 1.506620e-01
-1.600000e+00 1.524134e-01
-1.550000e+00 1.539992e-01
-1.500000e+00 1.554748e-01
-1.450000e+00 1.568980e-01
-1.400000e+00 1.583213e-01
-1.350000e+00 1.597860e-01
-1.300000e+00 1.613189e-01
-1.250000e+00 1.629323e-01
-1.200000e+00 1.646263e-01
-1.150000e+00 1.663937e-01
-1.100000e+00 1.682249e-01
-1.050000e+00 1.701120e-01
-1.000000e+00 1.720511e-01
-9.500000e-01 1.740417e-01
-9.000000e-01 1.760833e-01
-8.500000e-01 1.781711e-01
-8.000000e-01 1.802904e-01
-7.500000e-01 1.824128e-01
-7.000000e-01 1.844945e-01
-6.500000e-01 1.864777e-01
-6.000000e-01 1.882955e-01
-5.500000e-01 1.898789e-01
-5.000000e-01 1.911657e-01
-4.500000e-01 1.921094e-01
-4.000000e-01 1.926873e-01
-3.500000e-01 1.929063e-01
-3.000000e-01 1.928053e-01
-2.500000e-01 1.924536e-01
-2.000000e-01 1.919453e-01
-1.500000e-01 1.913880e-01
-1.000000e-01 1.908896e-01
-5.000000e-02 1.905423e-01
0.000000e+00 1.904091e-01
5.000000e-02 1.905132e-01
1.000000e-01 1.908343e-01
1.500000e-01 1.913119e-01
2.000000e-01 1.918555e-01
2.500000e-01 1.923579e-01
3.000000e-01 1.927112e-01
3.500000e-01 1.928204e-01
4.000000e-01 1.926147e-01
4.500000e-01 1.920532e-01
5.000000e-01 1.911273e-01
5.500000e-01 1.898581e-01
6.000000e-01 1.882908e-01
6.500000e-01 1.864869e-01
7.000000e-01 1.845149e-01
7.500000e-01 1.824419e-01
8.000000e-01 1.803259e-01
8.500000e-01 1.782112e-01
9.000000e-01 1.761267e-01
9.500000e-01 1.740873e-01
1.000000e+00 1.720982e-01
1.050000e+00 1.701595e-01
1.100000e+00 1.682717e-01
1.150000e+00 1.664383e-01
1.200000e+00 1.646671e-01
1.250000e+00 1.629675e-01
1.300000e+00 1.613472e-01
1.350000e+00 1.598067e-01
1.400000e+00 1.583345e-01
1.450000e+00 1.569048e-01
1.500000e+00 1.554771e-01
1.550000e+00 1.539997e-01
1.600000e+00 1.524151e-01
1.650000e+00 1.506676e-01
1.700000e+00 1.487112e-01
1.750000e+00 1.465165e-01
1.800000e+00 1.440758e-01
1.850000e+00 1.414060e-01
1.900000e+00 1.385480e-01
1.950000e+00 1.355630e-01
2.000000e+00 1.325264e-01
2.050000e+00 1.295194e-01
2.100000e+00 1.266193e-01
2.150000e+00 1.238906e-01
2.200000e+00 1.213772e-01
2.250000e+00 1.190976e-01
2.300000e+00 1.170439e-01
2.350000e+00 1.151835e-01
2.400000e+00 1.134647e-01
2.450000e+00 1.118232e-01
2.500000e+00 1.101892e-01
2.550000e+00 1.084950e-01
2.600000e+00 1.066794e-01
2.650000e+00 1.046922e-01
2.700000e+00 1.024953e-01
2.750000e+00 1.000641e-01
2.800000e+00 9.738590e-02
2.850000e+00 9.445940e-02
2.900000e+00 9.129247e-02
2.950000e+00 8.790059e-02
3.000000e+00 8.430511e-02
3.050000e+00 8.053175e-02
3.100000e+00 7.660927e-02
3.150000e+00 7.256846e-02
3.200000e+00 6.844122e-02
3.250000e+00 6.425985e-02
3.300000e+00 6.005653e-02
3.350000e+00 5.586278e-02
3.400000e+00 5.170905e-02
3.450000e+00 4.762439e-02
3.500000e+00 4.363608e-02
3.550000e+00 3.976930e-02
3.600000e+00 3.604685e-02
3.650000e+00 3.248888e-02
3.700000e+00 2.911262e-02
3.750000e+00 2.593221e-02
3.800000e+00 2.295852e-02
3.850000e+00 2.019912e-02
3.900000e+00 1.765820e-02
3.950000e+00 1.533670e-02
4.000000e+00 1.323245e-02
4.050000e+00 1.134041e-02
4.100000e+00 9.652961e-03
4.150000e+00 8.160277e-03
4.200000e+00 6.850746e-03
4.250000e+00 5.711389e-03
4.300000e+00 4.728299e-03
4.350000e+00 3.887064e-03
4.400000e+00 3.173159e-03
4.450000e+00 2.572291e-03
4.500000e+00 2.070693e-03
4.550000e+00 1.655357e-03
4.600000e+00 1.314209e-03
4.650000e+00 1.036222e-03
4.700000e+00 8.114812e-04
4.750000e+00 6.311957e-04
4.800000e+00 4.876784e-04
4.850000e+00 3.742928e-04
4.900000e+00 2.853796e-04
4.950000e+00 2.161686e-04
5.000000e+00 1.626840e-04
5.050000e+00 1.216474e-04
5.100000e+00 9.038351e-05
5.150000e+00 6.673057e-05
5.200000e+00 4.895857e-05
5.250000e+00 3.569586e-05
5.300000e+00 2.586463e-05
5.350000e+00 1.862537e-05
5.400000e+00 1.332967e-05
5.450000e+00 9.480916e-06
5.500000e+00 6.701770e-06
5.550000e+00 4.707797e-06
5.600000e+00 3.286244e-06
5.650000e+00 2.279174e-06
5.700000e+00 1.570213e-06
5.750000e+00 1.074240e-06
5.800000e+00 7.294367e-07
5.850000e+00 4.912314e-07
5.900000e+00 3.277087e-07
5.950000e+00 2.161761e-07
6.000000e+00 1.406100e-07
6.050000e+00 8.977512e-08
6.100000e+00 5.585046e-08
6.150000e+00 3.343422e-08
6.200000e+00 1.883034e-08
6.250000e+00 9.542757e-09
6.300000e+00 3.923272e-09
6.350000e+00 9.341796e-10
6.400000e+00 0.000000e+00
