-6.400000e+00 0.000000e+00
-6.350000e+00 3.750514e-10
-6.300000e+00 1.576961e-09
-6.250000e+00 3.843890e-09
-6.200000e+00 7.609362e-09
-6.150000e+00 1.357080e-08
-6.100000e+00 2.280113e-08
-6.050000e+00 3.691843e-08
-6.000000e+00 5.833661e-08
-5.950000e+00 9.063033e-08
-5.900000e+00 1.390611e-07
-5.850000e+00 2.113295e-07
-5.800000e+00 3.186432e-07
-5.750000e+00 4.772209e-07
-5.700000e+00 7.103945e-07
-5.650000e+00 1.051525e-06
-5.600000e+00 1.548009e-06
-5.550000e+00 2.266741e-06
-5.500000e+00 3.301489e-06
-5.450000e+00 4.782752e-06
-5.400000e+00 6.890815e-06
-5.350000e+00 9.872835e-06
-5.300000e+00 1.406497e-05
-5.250000e+00 1.992069e-05
-5.200000e+00 2.804652e-05
-5.150000e+00 3.924664e-05
-5.100000e+00 5.457760e-05
-5.050000e+00 7.541457e-05
-5.000000e+00 1.035300e-04
-4.950000e+00 1.411857e-04
-4.900000e+00 1.912374e-04
-4.850000e+00 2.572524e-04
-4.800000e+00 3.436364e-04
-4.750000e+00 4.557671e-04
-4.700000e+00 6.001284e-04
-4.650000e+00 7.844379e-04
-4.600000e+00 1.017759e-03
-4.550000e+00 1.310583e-03
-4.500000e+00 1.674878e-03
-4.450000e+00 2.124073e-03
-4.400000e+00 2.672985e-03
-4.350000e+00 3.337662e-03
-4.300000e+00 4.135136e-03
-4.250000e+00 5.083093e-03
-4.200000e+00 6.199435e-03
-4.150000e+00 7.501777e-03
-4.100000e+00 9.006863e-03
-4.050000e+00 1.072995e-02
-4.000000e+00 1.268415e-02
-3.950000e+00 1.487985e-02
-3.900000e+00 1.732409e-02
-3.850000e+00 2.002015e-02
-3.800000e+00 2.296710e-02
-3.750000e+00 2.615967e-02
-3.700000e+00 2.958805e-02
-3.650000e+00 3.323805e-02
-3.600000e+00 3.709126e-02
-3.550000e+00 4.112534e-02
-3.500000e+00 4.531446e-02
-3.450000e+00 4.962976e-02
-3.400000e+00 5.403987e-02
-3.350000e+00 5.851136e-02
-3.300000e+00 6.300929e-02
-3.250000e+00 6.749762e-02
-3.200000e+00 7.193961e-02
-3.150000e+00 7.629819e-02
-3.100000e+00 8.053629e-02
-3.050000e+00 8.461711e-02
-3.000000e+00 8.850449e-02
-2.950000e+00 9.216325e-02
-2.900000e+00 9.555968e-02
-2.850000e+00 9.866219e-02
-2.800000e+00 1.014421e-01
-2.750000e+00 1.038748e-01
-2.700000e+00 1.059411e-01
-2.650000e+00 1.076290e-01
-2.600000e+00 1.089357e-01
-2.550000e+00 1.098697e-01
-2.500000e+00 1.104530e-01
-2.450000e+00 1.107235e-01
-2.400000e+00 1.107357e-01
-2.350000e+00 1.105615e-01
-2.300000e+00 1.102892e-01
-2.250000e+00 1.100208e-01
-2.200000e+00 1.098677e-01
-2.150000e+00 1.099450e-01
-2.100000e+00 1.103649e-01
-2.050000e+00 1.112300e-01
-2.000000e+00 1.126276e-01
-1.950000e+00 1.146246e-01
-1.900000e+00 1.172639e-01
-1.850000e+00 1.205633e-01
-1.800000e+00 1.245137e-01
-1.750000e+00 1.290798e-01
-1.700000e+00 1.342009e-01
-1.650000e+00 1.397934e-01
-1.600000e+00 1.457537e-01
-1.550000e+00 1.519631e-01
-1.500000e+00 1.582938e-01
-1.450000e+00 1.646152e-01
-1.400000e+00 1.707996e-01
-1.350000e+00 1.767275e-01
-1.300000e+00 1.822917e-01
-1.250000e+00 1.873990e-01
-1.200000e+00 1.919716e-01
-1.150000e+00 1.959466e-01
-1.100000e+00 1.992749e-01
-1.050000e+00 2.019206e-01
-1.000000e+00 2.038594e-01
-9.500000e-01 2.050777e-01
-9.000000e-01 2.055731e-01
-8.500000e-01 2.053540e-01
-8.000000e-01 2.044406e-01
-7.500000e-01 2.028661e-01
-7.000000e-01 2.006771e-01
-6.500000e-01 1.979350e-01
-6.000000e-01 1.947157e-01
-5.500000e-01 1.911091e-01
-5.000000e-01 1.872174e-01
-4.500000e-01 1.831527e-01
-4.000000e-01 1.790345e-01
-3.500000e-01 1.749868e-01
-3.000000e-01 1.711349e-01
-2.500000e-01 1.676029e-01
-2.000000e-01 1.645101e-01
-1.500000e-01 1.619668e-01
-1.000000e-01 1.600689e-01
-5.000000e-02 1.588916e-01
0.000000e+00 1.584834e-01
5.000000e-02 1.588616e-01
1.000000e-01 1.600103e-01
1.500000e-01 1.618825e-01
2.000000e-01 1.644038e-01
2.500000e-01 1.674792e-01
3.000000e-01 1.709986e-01
3.500000e-01 1.748429e-01
4.000000e-01 1.788877e-01
4.500000e-01 1.830074e-01
5.000000e-01 1.870776e-01
5.500000e-01 1.909783e-01
6.000000e-01 1.945967e-01
6.500000e-01 1.978302e-01
7.000000e-01 2.005883e-01
7.500000e-01 2.027948e-01
8.000000e-01 2.043879e-01
8.500000e-01 2.053204e-01
9.000000e-01 2.055589e-01
9.500000e-01 2.050830e-01
1.000000e+00 2.038841e-01
1.050000e+00 2.019644e-01
1.100000e+00 1.993370e-01
1.150000e+00 1.960261e-01
1.200000e+00 1.920673e-01
1.250000e+00 1.875092e-01
1.300000e+00 1.824141e-01
1.350000e+00 1.768596e-01
1.400000e+00 1.709381e-01
1.450000e+00 1.647565e-01
1.500000e+00 1.584338e-01
1.550000e+00 1.520975e-01
1.600000e+00 1.458782e-01
1.650000e+00 1.399041e-01
1.700000e+00 1.342942e-01
1.750000e+00 1.291528e-01
1.800000e+00 1.245645e-01
1.850000e+00 1.205909e-01
1.900000e+00 1.172683e-01
1.950000e+00 1.146065e-01
2.000000e+00 1.125887e-01
2.050000e+00 1.111726e-01
2.100000e+00 1.102919e-01
2.150000e+00 1.098597e-01
2.200000e+00 1.097736e-01
2.250000e+00 1.099213e-01
2.300000e+00 1.101876e-01
2.350000e+00 1.104609e-01
2.400000e+00 1.106388e-01
2.450000e+00 1.106325e-01
2.500000e+00 1.103696e-01
2.550000e+00 1.097951e-01
2.600000e+00 1.088708e-01
2.650000e+00 1.075741e-01
2.700000e+00 1.058964e-01
2.750000e+00 1.038401e-01
2.800000e+00 1.014171e-01
2.850000e+00 9.864641e-02
2.900000e+00 9.555254e-02
2.950000e+00 9.216410e-02
3.000000e+00 8.851265e-02
3.050000e+00 8.463186e-02
3.100000e+00 8.055692e-02
3.150000e+00 7.632398e-02
3.200000e+00 7.196983e-02
3.250000e+00 6.753157e-02
3.300000e+00 6.304628e-02
3.350000e+00 5.855070e-02
3.400000e+00 5.408091e-02
3.450000e+00 4.967188e-02
3.500000e+00 4.535705e-02
3.550000e+00 4.116784e-02
3.600000e+00 3.713316e-02
3.650000e+00 3.327888e-02
3.700000e+00 2.962738e-02
3.750000e+00 2.619715e-02
3.800000e+00 2.300244e-02
3.850000e+00 2.005311e-02
3.900000e+00 1.735453e-02
3.950000e+00 1.490766e-02
4.000000e+00 1.270930e-02
4.050000e+00 1.075245e-02
4.100000e+00 9.026802e-03
4.150000e+00 7.519262e-03
4.200000e+00 6.214615e-03
4.250000e+00 5.096139e-03
4.300000e+00 4.146238e-03
4.350000e+00 3.347016e-03
4.400000e+00 2.680791e-03
4.450000e+00 2.130525e-03
4.500000e+00 1.680160e-03
4.550000e+00 1.314867e-03
4.600000e+00 1.021201e-03
4.650000e+00 7.871788e-04
4.700000e+00 6.022915e-04
4.750000e+00 4.574593e-04
4.800000e+00 3.449488e-04
4.850000e+00 2.582615e-04
4.900000e+00 1.920069e-04
4.950000e+00 1.417676e-04
5.000000e+00 1.039666e-04
5.050000e+00 7.573950e-05
5.100000e+00 5.481755e-05
5.150000e+00 3.942247e-05
5.200000e+00 2.817440e-05
5.250000e+00 2.001301e-05
5.300000e+00 1.413114e-05
5.350000e+00 9.919922e-06
5.400000e+00 6.924089e-06
5.450000e+00 4.806103e-06
5.500000e+00 3.317766e-06
5.550000e+00 2.278011e-06
5.600000e+00 1.555761e-06
5.650000e+00 1.056822e-06
5.700000e+00 7.139899e-07
5.750000e+00 4.796446e-07
5.800000e+00 3.202655e-07
5.850000e+00 2.124069e-07
5.900000e+00 1.397703e-07
5.950000e+00 9.109235e-08
6.000000e+00 5.863368e-08
6.050000e+00 3.710613e-08
6.100000e+00 2.291683e-08
6.150000e+00 1.363951e-08
6.200000e+00 7.647810e-09
6.250000e+00 3.863275e-09
6.300000e+00 1.584902e-09
6.350000e+00 3.769381e-10
6.400000e+00 0.000000e+00
