-4.000000e-01 0.000000e+00
-3.750000e-01 4.978408e-06
-3.500000e-01 3.773443e-05
-3.250000e-01 1.990961e-04
-3.000000e-01 9.010915e-04
-2.750000e-01 3.607188e-03
-2.500000e-01 1.283073e-02
-2.250000e-01 4.055038e-02
-2.000000e-01 1.137657e-01
-1.750000e-01 2.830614e-01
-1.500000e-01 6.240745e-01
-1.250000e-01 1.218436e+00
-1.000000e-01 2.105810e+00
-7.500000e-02 3.221452e+00
-5.000000e-02 4.362900e+00
-2.500000e-02 5.232689e+00
0.000000e+00 5.559361e+00
2.500000e-02 5.232689e+00
5.000000e-02 4.362900e+00
7.500000e-02 3.221452e+00
1.000000e-01 2.105810e+00
1.250000e-01 1.218436e+00
1.500000e-01 6.240745e-01
1.750000e-01 2.830614e-01
2.000000e-01 1.137657e-01
2.250000e-01 4.055038e-02
2.500000e-01 1.283073e-02
2.750000e-01 3.607188e-03
3.000000e-01 9.010915e-04
3.250000e-01 1.990961e-04
3.500000e-01 3.773443e-05
3.750000e-01 4.978408e-06
4.000000e-01 0.000000e+00
