-6.400000e+00 0.000000e+00
-6.350000e+00 6.489847e-10
-6.300000e+00 2.726399e-09
-6.250000e+00 6.635615e-09
-6.200000e+00 1.310617e-08
-6.150000e+00 2.330133e-08
-6.100000e+00 3.899115e-08
-6.050000e+00 6.281135e-08
-6.000000e+00 9.863849e-08
-5.950000e+00 1.521249e-07
-5.900000e+00 2.314533e-07
-5.850000e+00 3.483910e-07
-5.800000e+00 5.197525e-07
-5.750000e+00 7.694112e-07
-5.700000e+00 1.131046e-06
-5.650000e+00 1.651859e-06
-5.600000e+00 2.397567e-06
-5.550000e+00 3.459049e-06
-5.500000e+00 4.961110e-06
-5.450000e+00 7.073938e-06
-5.400000e+00 1.002792e-05
-5.350000e+00 1.413264e-05
-5.300000e+00 1.980089e-05
-5.250000e+00 2.757881e-05
-5.200000e+00 3.818308e-05
-5.150000e+00 5.254637e-05
-5.100000e+00 7.187198e-05
-5.050000e+00 9.769860e-05
-5.000000e+00 1.319757e-04
-4.950000e+00 1.771495e-04
-4.900000e+00 2.362595e-04
-4.850000e+00 3.130433e-04
-4.800000e+00 4.120477e-04
-4.750000e+00 5.387423e-04
-4.700000e+00 6.996295e-04
-4.650000e+00 9.023452e-04
-4.600000e+00 1.155741e-03
-4.550000e+00 1.469937e-03
-4.500000e+00 1.856340e-03
-4.450000e+00 2.327606e-03
-4.400000e+00 2.897552e-03
-4.350000e+00 3.580993e-03
-4.300000e+00 4.393505e-03
-4.250000e+00 5.351123e-03
-4.200000e+00 6.469956e-03
-4.150000e+00 7.765739e-03
-4.100000e+00 9.253347e-03
-4.050000e+00 1.094626e-02
-4.000000e+00 1.285604e-02
-3.950000e+00 1.499181e-02
-3.900000e+00 1.735979e-02
-3.850000e+00 1.996288e-02
-3.800000e+00 2.280037e-02
-3.750000e+00 2.586773e-02
-3.700000e+00 2.915648e-02
-3.650000e+00 3.265427e-02
-3.600000e+00 3.634496e-02
-3.550000e+00 4.020883e-02
-3.500000e+00 4.422293e-02
-3.450000e+00 4.836139e-02
-3.400000e+00 5.259580e-02
-3.350000e+00 5.689566e-02
-3.300000e+00 6.122879e-02
-3.250000e+00 6.556169e-02
-3.200000e+00 6.986001e-02
-3.150000e+00 7.408893e-02
-3.100000e+00 7.821358e-02
-3.050000e+00 8.219954e-02
-3.000000e+00 8.601334e-02
-2.950000e+00 8.962315e-02
-2.900000e+00 9.299961e-02
-2.850000e+00 9.611679e-02
-2.800000e+00 9.895342e-02
-2.750000e+00 1.014944e-01
-2.700000e+00 1.037324e-01
-2.650000e+00 1.056696e-01
-2.600000e+00 1.073194e-01
-2.550000e+00 1.087078e-01
-2.500000e+00 1.098741e-01
-2.450000e+00 1.108705e-01
-2.400000e+00 1.117608e-01
-2.350000e+00 1.126171e-01
-2.300000e+00 1.135146e-01
-2.250000e+00 1.145265e-01
-2.200000e+00 1.157173e-01
-2.150000e+00 1.171374e-01
-2.100000e+00 1.188193e-01
-2.050000e+00 1.207764e-01
-2.000000e+00 1.230052e-01
-1.950000e+00 1.254896e-01
-1.900000e+00 1.282070e-01
-1.850000e+00 1.311344e-01
-1.800000e+00 1.342539e-01
-1.750000e+00 1.375540e-01
-1.700000e+00 1.410296e-01
-1.650000e+00 1.446780e-01
-1.600000e+00 1.484935e-01
-1.550000e+00 1.524608e-01
-1.500000e+00 1.565509e-01
-1.450000e+00 1.607172e-01
-1.400000e+00 1.648966e-01
-1.350000e+00 1.690116e-01
-1.300000e+00 1.729766e-01
-1.250000e+00 1.767040e-01
-1.200000e+00 1.801110e-01
-1.150000e+00 1.831267e-01
-1.100000e+00 1.856963e-01
-1.050000e+00 1.877853e-01
-1.000000e+00 1.893808e-01
-9.500000e-01 1.904920e-01
-9.000000e-01 1.911487e-01
-8.500000e-01 1.913977e-01
-8.000000e-01 1.912985e-01
-7.500000e-01 1.909174e-01
-7.000000e-01 1.903211e-01
-6.500000e-01 1.895699e-01
-6.000000e-01 1.887130e-01
-5.500000e-01 1.877853e-01
-5.000000e-01 1.868077e-01
-4.500000e-01 1.857901e-01
-4.000000e-01 1.847379e-01
-3.500000e-01 1.836591e-01
-3.000000e-01 1.825714e-01
-2.500000e-01 1.815076e-01
-2.000000e-01 1.805157e-01
-1.500000e-01 1.796556e-01
-1.000000e-01 1.789905e-01
-5.000000e-02 1.785766e-01
0.000000e+00 1.784516e-01
5.000000e-02 1.786279e-01
1.000000e-01 1.790891e-01
1.500000e-01 1.797940e-01
2.000000e-01 1.806846e-01
2.500000e-01 1.816974e-01
3.000000e-01 1.827733e-01
3.500000e-01 1.838663e-01
4.000000e-01 1.849462e-01
4.500000e-01 1.859973e-01
5.000000e-01 1.870130e-01
5.500000e-01 1.879889e-01
6.000000e-01 1.889147e-01
6.500000e-01 1.897687e-01
7.000000e-01 1.905147e-01
7.500000e-01 1.911022e-01
8.000000e-01 1.914696e-01
8.500000e-01 1.915496e-01
9.000000e-01 1.912759e-01
9.500000e-01 1.905894e-01
1.000000e+00 1.894440e-01
1.050000e+00 1.878116e-01
1.100000e+00 1.856845e-01
1.150000e+00 1.830772e-01
1.200000e+00 1.800260e-01
1.250000e+00 1.765870e-01
1.300000e+00 1.728324e-01
1.350000e+00 1.688456e-01
1.400000e+00 1.647144e-01
1.450000e+00 1.605243e-01
1.500000e+00 1.563519e-01
1.550000e+00 1.522597e-01
1.600000e+00 1.482932e-01
1.650000e+00 1.444810e-01
1.700000e+00 1.408380e-01
1.750000e+00 1.373705e-01
1.800000e+00 1.340818e-01
1.850000e+00 1.309784e-01
1.900000e+00 1.280725e-01
1.950000e+00 1.253832e-01
2.000000e+00 1.229334e-01
2.050000e+00 1.207451e-01
2.100000e+00 1.188326e-01
2.150000e+00 1.171974e-01
2.200000e+00 1.158230e-01
2.250000e+00 1.146741e-01
2.300000e+00 1.136977e-01
2.350000e+00 1.128274e-01
2.400000e+00 1.119889e-01
2.450000e+00 1.111066e-01
2.500000e+00 1.101088e-01
2.550000e+00 1.089328e-01
2.600000e+00 1.075276e-01
2.650000e+00 1.058555e-01
2.700000e+00 1.038921e-01
2.750000e+00 1.016253e-01
2.800000e+00 9.905429e-02
2.850000e+00 9.618743e-02
2.900000e+00 9.304071e-02
2.950000e+00 8.963604e-02
3.000000e+00 8.599984e-02
3.050000e+00 8.216184e-02
3.100000e+00 7.815408e-02
3.150000e+00 7.401018e-02
3.200000e+00 6.976463e-02
3.250000e+00 6.545231e-02
3.300000e+00 6.110800e-02
3.350000e+00 5.676600e-02
3.400000e+00 5.245968e-02
3.450000e+00 4.822114e-02
3.500000e+00 4.408072e-02
3.550000e+00 4.006667e-02
3.600000e+00 3.620466e-02
3.650000e+00 3.251748e-02
3.700000e+00 2.902461e-02
3.750000e+00 2.574197e-02
3.800000e+00 2.268172e-02
3.850000e+00 1.985207e-02
3.900000e+00 1.725734e-02
3.950000e+00 1.489804e-02
4.000000e+00 1.277105e-02
4.050000e+00 1.086998e-02
4.100000e+00 9.185541e-03
4.150000e+00 7.706045e-03
4.200000e+00 6.417900e-03
4.250000e+00 5.306156e-03
4.300000e+00 4.355022e-03
4.350000e+00 3.548361e-03
4.400000e+00 2.870134e-03
4.450000e+00 2.304775e-03
4.500000e+00 1.837496e-03
4.550000e+00 1.454520e-03
4.600000e+00 1.143236e-03
4.650000e+00 8.922871e-04
4.700000e+00 6.916066e-04
4.750000e+00 5.323948e-04
4.800000e+00 4.070659e-04
4.850000e+00 3.091640e-04
4.900000e+00 2.332619e-04
4.950000e+00 1.748507e-04
5.000000e+00 1.302258e-04
5.050000e+00 9.637629e-05
5.100000e+00 7.087988e-05
5.150000e+00 5.180723e-05
5.200000e+00 3.763619e-05
5.250000e+00 2.717690e-05
5.300000e+00 1.950749e-05
5.350000e+00 1.391986e-05
5.400000e+00 9.874604e-06
5.450000e+00 6.964174e-06
5.500000e+00 4.883027e-06
5.550000e+00 3.403855e-06
5.600000e+00 2.358800e-06
5.650000e+00 1.624806e-06
5.700000e+00 1.112293e-06
5.750000e+00 7.565016e-07
5.800000e+00 5.109312e-07
5.850000e+00 3.424126e-07
5.900000e+00 2.274395e-07
5.950000e+00 1.494602e-07
6.000000e+00 9.689420e-08
6.050000e+00 6.169077e-08
6.100000e+00 3.828989e-08
6.150000e+00 2.287922e-08
6.200000e+00 1.286727e-08
6.250000e+00 6.514040e-09
6.300000e+00 2.676258e-09
6.350000e+00 6.370211e-10
6.400000e+00 0.000000e+00
