-6.400000e+00 0.000000e+00
-6.350000e+00 6.357920e-10
-6.300000e+00 2.671141e-09
-6.250000e+00 6.501440e-09
-6.200000e+00 1.284172e-08
-6.150000e+00 2.283223e-08
-6.100000e+00 3.820836e-08
-6.050000e+00 6.155498e-08
-6.000000e+00 9.667514e-08
-5.950000e+00 1.491162e-07
-5.900000e+00 2.269125e-07
-5.850000e+00 3.416236e-07
-5.800000e+00 5.097765e-07
-5.750000e+00 7.548500e-07
-5.700000e+00 1.109987e-06
-5.650000e+00 1.621669e-06
-5.600000e+00 2.354656e-06
-5.550000e+00 3.398569e-06
-5.500000e+00 4.876578e-06
-5.450000e+00 6.956770e-06
-5.400000e+00 9.866876e-06
-5.350000e+00 1.391315e-05
-5.300000e+00 1.950428e-05
-5.250000e+00 2.718144e-05
-5.200000e+00 3.765538e-05
-5.150000e+00 5.185183e-05
-5.100000e+00 7.096613e-05
-5.050000e+00 9.652807e-05
-5.000000e+00 1.304774e-04
-4.950000e+00 1.752504e-04
-4.900000e+00 2.338763e-04
-4.850000e+00 3.100834e-04
-4.800000e+00 4.084106e-04
-4.750000e+00 5.343222e-04
-4.700000e+00 6.943196e-04
-4.650000e+00 8.960428e-04
-4.600000e+00 1.148355e-03
-4.550000e+00 1.461396e-03
-4.500000e+00 1.846605e-03
-4.450000e+00 2.316679e-03
-4.400000e+00 2.885492e-03
-4.350000e+00 3.567926e-03
-4.300000e+00 4.379641e-03
-4.250000e+00 5.336762e-03
-4.200000e+00 6.455501e-03
-4.150000e+00 7.751700e-03
-4.100000e+00 9.240340e-03
-4.050000e+00 1.093501e-02
-4.000000e+00 1.284735e-02
-3.950000e+00 1.498656e-02
-3.900000e+00 1.735891e-02
-3.850000e+00 1.996733e-02
-3.800000e+00 2.281109e-02
-3.750000e+00 2.588561e-02
-3.700000e+00 2.918235e-02
-3.650000e+00 3.268883e-02
-3.600000e+00 3.638875e-02
-3.550000e+00 4.026226e-02
-3.500000e+00 4.428618e-02
-3.450000e+00 4.843446e-02
-3.400000e+00 5.267848e-02
-3.350000e+00 5.698753e-02
-3.300000e+00 6.132921e-02
-3.250000e+00 6.566984e-02
-3.200000e+00 6.997488e-02
-3.150000e+00 7.420932e-02
-3.100000e+00 7.833812e-02
-3.050000e+00 8.232668e-02
-3.000000e+00 8.614136e-02
-2.950000e+00 8.975011e-02
-2.900000e+00 9.312335e-02
-2.850000e+00 9.623484e-02
-2.800000e+00 9.906302e-02
-2.750000e+00 1.015924e-01
-2.700000e+00 1.038151e-01
-2.650000e+00 1.057327e-01
-2.600000e+00 1.073583e-01
-2.550000e+00 1.087170e-01
-2.500000e+00 1.098477e-01
-2.450000e+00 1.108024e-01
-2.400000e+00 1.116447e-01
-2.350000e+00 1.124468e-01
-2.300000e+00 1.132851e-01
-2.250000e+00 1.142340e-01
-2.200000e+00 1.153603e-01
-2.150000e+00 1.167171e-01
-2.100000e+00 1.183403e-01
-2.050000e+00 1.202470e-01
-2.000000e+00 1.224377e-01
-1.950000e+00 1.249000e-01
-1.900000e+00 1.276147e-01
-1.850000e+00 1.305616e-01
-1.800000e+00 1.337241e-01
-1.750000e+00 1.370913e-01
-1.700000e+00 1.406568e-01
-1.650000e+00 1.444151e-01
-1.600000e+00 1.483562e-01
-1.550000e+00 1.524598e-01
-1.500000e+00 1.566907e-01
-1.450000e+00 1.609966e-01
-1.400000e+00 1.653088e-01
-1.350000e+00 1.695456e-01
-1.300000e+00 1.736179e-01
-1.250000e+00 1.774358e-01
-1.200000e+00 1.809155e-01
-1.150000e+00 1.839851e-01
-1.100000e+00 1.865895e-01
-1.050000e+00 1.886938e-01
-1.000000e+00 1.902846e-01
-9.500000e-01 1.913704e-01
-9.000000e-01 1.919801e-01
-8.500000e-01 1.921601e-01
-8.000000e-01 1.919701e-01
-7.500000e-01 1.914775e-01
-7.000000e-01 1.907512e-01
-6.500000e-01 1.898556e-01
-6.000000e-01 1.888447e-01
-5.500000e-01 1.877593e-01
-5.000000e-01 1.866265e-01
-4.500000e-01 1.854619e-01
-4.000000e-01 1.842760e-01
-3.500000e-01 1.830804e-01
-3.000000e-01 1.818952e-01
-2.500000e-01 1.807540e-01
-2.000000e-01 1.797043e-01
-1.500000e-01 1.788049e-01
-1.000000e-01 1.781172e-01
-5.000000e-02 1.776955e-01
0.000000e+00 1.775761e-01
5.000000e-02 1.777702e-01
1.000000e-01 1.782611e-01
1.500000e-01 1.790080e-01
2.000000e-01 1.799540e-01
2.500000e-01 1.810369e-01
3.000000e-01 1.821991e-01
3.500000e-01 1.833952e-01
4.000000e-01 1.845947e-01
4.500000e-01 1.857799e-01
5.000000e-01 1.869409e-01
5.500000e-01 1.880684e-01
6.000000e-01 1.891462e-01
6.500000e-01 1.901463e-01
7.000000e-01 1.910265e-01
7.500000e-01 1.917313e-01
8.000000e-01 1.921954e-01
8.500000e-01 1.923495e-01
9.000000e-01 1.921263e-01
9.500000e-01 1.914671e-01
1.000000e+00 1.903271e-01
1.050000e+00 1.886793e-01
1.100000e+00 1.865176e-01
1.150000e+00 1.838578e-01
1.200000e+00 1.807372e-01
1.250000e+00 1.772131e-01
1.300000e+00 1.733588e-01
1.350000e+00 1.692593e-01
1.400000e+00 1.650050e-01
1.450000e+00 1.606845e-01
1.500000e+00 1.563787e-01
1.550000e+00 1.521548e-01
1.600000e+00 1.480635e-01
1.650000e+00 1.441387e-01
1.700000e+00 1.403998e-01
1.750000e+00 1.368567e-01
1.800000e+00 1.335155e-01
1.850000e+00 1.303834e-01
1.900000e+00 1.274726e-01
1.950000e+00 1.248006e-01
2.000000e+00 1.223875e-01
2.050000e+00 1.202517e-01
2.100000e+00 1.184037e-01
2.150000e+00 1.168401e-01
2.200000e+00 1.155404e-01
2.250000e+00 1.144654e-01
2.300000e+00 1.135586e-01
2.350000e+00 1.127515e-01
2.400000e+00 1.119680e-01
2.450000e+00 1.111318e-01
2.500000e+00 1.101712e-01
2.550000e+00 1.090241e-01
2.600000e+00 1.076402e-01
2.650000e+00 1.059828e-01
2.700000e+00 1.040284e-01
2.750000e+00 1.017661e-01
2.800000e+00 9.919590e-02
2.850000e+00 9.632687e-02
2.900000e+00 9.317562e-02
2.950000e+00 8.976457e-02
3.000000e+00 8.612052e-02
3.050000e+00 8.227353e-02
3.100000e+00 7.825589e-02
3.150000e+00 7.410141e-02
3.200000e+00 6.984479e-02
3.250000e+00 6.552107e-02
3.300000e+00 6.116521e-02
3.350000e+00 5.681167e-02
3.400000e+00 5.249400e-02
3.450000e+00 4.824445e-02
3.500000e+00 4.409355e-02
3.550000e+00 4.006968e-02
3.600000e+00 3.619870e-02
3.650000e+00 3.250349e-02
3.700000e+00 2.900366e-02
3.750000e+00 2.571518e-02
3.800000e+00 2.265025e-02
3.850000e+00 1.981709e-02
3.900000e+00 1.722000e-02
3.950000e+00 1.485939e-02
4.000000e+00 1.273208e-02
4.050000e+00 1.083155e-02
4.100000e+00 9.148381e-03
4.150000e+00 7.670746e-03
4.200000e+00 6.384914e-03
4.250000e+00 5.275796e-03
4.300000e+00 4.327476e-03
4.350000e+00 3.523705e-03
4.400000e+00 2.848348e-03
4.450000e+00 2.285760e-03
4.500000e+00 1.821096e-03
4.550000e+00 1.440536e-03
4.600000e+00 1.131442e-03
4.650000e+00 8.824473e-04
4.700000e+00 6.834815e-04
4.750000e+00 5.257530e-04
4.800000e+00 4.016896e-04
4.850000e+00 3.048536e-04
4.900000e+00 2.298384e-04
4.950000e+00 1.721563e-04
5.000000e+00 1.281243e-04
5.050000e+00 9.475149e-05
5.100000e+00 6.963447e-05
5.150000e+00 5.086071e-05
5.200000e+00 3.692281e-05
5.250000e+00 2.664366e-05
5.300000e+00 1.911213e-05
5.350000e+00 1.362908e-05
5.400000e+00 9.662436e-06
5.450000e+00 6.810584e-06
5.500000e+00 4.772714e-06
5.550000e+00 3.325244e-06
5.600000e+00 2.303220e-06
5.650000e+00 1.585821e-06
5.700000e+00 1.085168e-06
5.750000e+00 7.377866e-07
5.800000e+00 4.981316e-07
5.850000e+00 3.337412e-07
5.900000e+00 2.216266e-07
5.950000e+00 1.456110e-07
6.000000e+00 9.438323e-08
6.050000e+00 6.008410e-08
6.100000e+00 3.728874e-08
6.150000e+00 2.227914e-08
6.200000e+00 1.252892e-08
6.250000e+00 6.342360e-09
6.300000e+00 2.605562e-09
6.350000e+00 6.201501e-10
6.400000e+00 0.000000e+00
